0 0 0 0 0 3 5 8 12 13 13 11 9 9 7 4 1 0 0 0
0 0 0 0 3 4 10 15 15 16 14 13 12 12 9 7 4 1 0 0
0 0 0 0 3 9 11 14 13 9 10 12 12 13 12 11 4 2 0 0
0 0 0 2 5 12 15 13 12 5 5 6 9 13 14 13 7 4 1 0
0 0 0 4 9 15 16 10 6 2 2 3 5 7 14 13 10 6 1 0
0 0 1 6 12 14 14 8 3 0 0 1 3 7 11 14 13 6 3 0
0 0 2 7 12 12 12 7 0 0 0 0 2 5 7 15 12 7 4 0
0 0 3 7 12 13 10 4 0 0 0 0 1 3 7 15 11 7 4 0
0 0 4 8 11 13 10 2 0 0 0 0 1 2 7 14 11 7 4 0
0 0 4 8 11 13 9 2 0 0 0 0 1 2 8 13 11 7 4 0
0 0 5 8 12 13 8 2 0 0 0 0 1 4 8 14 11 7 4 0
0 0 4 9 13 12 8 2 0 0 0 0 2 5 9 14 12 5 4 0
0 0 4 9 13 10 8 2 0 0 0 0 2 6 9 14 11 5 3 0
0 0 3 9 14 10 9 2 0 0 0 0 3 6 12 15 9 4 3 0
0 0 3 9 14 11 8 4 0 0 0 0 5 10 12 16 6 3 2 0
0 0 2 8 14 13 10 5 1 0 0 4 8 12 14 13 7 3 2 0
0 0 2 6 11 15 11 8 6 4 6 9 11 14 16 11 5 2 1 0
0 0 2 4 10 15 16 11 9 9 8 14 14 14 13 6 2 2 0 0
0 0 1 3 6 12 16 15 15 16 14 16 16 14 9 5 1 1 0 0
0 0 1 2 3 7 11 13 14 15 15 14 9 7 4 1 1 0 0 0
