0 0 0 0 0 0 0 0 0 0 1 3 2 2 0 0 0 0 0 0
0 0 0 0 0 0 0 0 0 0 3 5 4 3 0 0 0 0 0 0
0 0 0 0 0 0 1 1 1 2 10 9 7 4 0 0 0 0 0 0
0 0 0 0 0 1 1 1 2 12 15 13 7 5 0 0 0 0 0 0
0 0 0 0 1 1 1 2 9 14 18 14 8 4 0 0 0 0 0 0
0 0 0 0 1 1 2 7 14 18 14 15 7 4 0 0 0 0 0 0
0 0 0 0 1 2 8 13 19 15 13 14 7 4 0 0 0 0 0 0
0 0 0 0 0 5 13 16 14 8 11 13 7 4 0 0 0 0 0 0
0 0 0 0 0 6 9 11 5 5 11 13 7 4 0 0 0 0 0 0
0 0 0 0 0 3 6 4 2 4 11 13 7 4 0 0 0 0 0 0
0 0 0 0 0 0 0 0 1 4 11 13 7 4 0 0 0 0 0 0
0 0 0 0 0 0 0 0 1 4 11 13 7 4 0 0 0 0 0 0
0 0 0 0 0 0 0 0 1 4 12 12 7 4 0 0 0 0 0 0
0 0 0 0 0 0 0 0 1 4 12 12 7 4 0 0 0 0 0 0
0 0 0 0 0 0 0 0 1 4 12 12 7 4 0 0 0 0 0 0
0 0 0 0 1 2 2 2 2 5 12 13 8 6 2 1 1 1 0 0
0 0 0 0 1 3 5 5 5 7 13 15 9 8 4 3 3 2 0 0
0 0 0 0 2 4 6 6 6 7 9 11 9 9 6 3 3 2 0 0
0 0 0 1 1 1 2 2 2 3 3 4 3 3 2 2 1 1 0 0
0 0 0 0 1 1 1 1 1 2 2 3 2 2 1 1 0 0 0 0
