0 0 0 0 0 0 0 0 0 0 1 2 2 0 0 0 0 0 0 0
0 0 0 0 0 0 0 0 2 4 8 8 8 3 1 0 0 0 0 0
0 0 0 0 0 0 0 2 8 12 14 15 14 10 4 0 0 0 0 0
0 0 0 0 0 0 2 9 14 15 16 12 17 16 10 1 0 0 0 0
0 0 0 0 0 1 8 14 18 12 8 5 9 19 14 1 0 0 0 0
0 0 0 0 0 4 12 19 11 4 1 0 5 18 17 1 0 0 0 0
0 0 0 0 0 6 13 12 5 1 0 0 2 19 18 1 0 0 0 0
0 0 0 0 1 5 7 3 0 0 0 0 4 20 17 0 0 0 0 0
0 0 0 0 0 0 0 0 0 0 0 0 13 20 14 0 0 0 0 0
0 0 0 0 0 0 0 0 0 0 0 2 17 19 6 0 0 0 0 0
0 0 0 0 0 0 0 0 0 0 0 12 18 16 3 0 0 0 0 0
0 0 0 0 0 0 0 0 0 0 3 15 19 8 2 0 0 0 0 0
0 0 0 0 0 0 0 0 0 1 11 17 16 5 0 0 0 0 0 0
0 0 0 0 0 0 0 0 0 8 16 17 8 3 0 0 0 0 0 0
0 0 0 0 0 0 0 0 5 14 17 10 4 1 0 0 0 0 0 0
0 0 0 0 0 0 0 3 13 17 14 5 3 0 0 0 0 0 0 0
0 0 0 0 0 0 5 13 15 16 10 7 4 3 3 2 2 1 0 0
0 0 0 0 0 6 13 19 18 14 12 9 10 9 10 8 5 1 1 0
0 0 0 0 2 12 17 17 16 16 17 17 16 18 18 17 9 3 0 0
0 0 0 1 5 10 14 14 14 14 14 13 13 13 13 12 8 3 0 0
