0 0 0 0 0 0 1 1 3 3 3 3 3 2 2 1 0 0 0 0
0 0 0 0 0 1 1 3 4 6 6 5 5 3 2 1 1 0 0 0
0 0 0 0 0 2 3 6 8 7 9 10 11 9 4 1 1 0 0 0
0 0 0 0 0 1 7 12 13 15 11 11 14 14 11 3 1 0 0 0
0 0 0 0 0 3 5 8 7 5 5 5 10 13 11 2 1 0 0 0
0 0 0 0 0 0 1 4 3 3 3 6 10 15 10 2 1 0 0 0
0 0 0 0 0 0 0 0 0 0 2 4 10 13 10 2 1 0 0 0
0 0 0 0 0 0 0 0 0 3 4 8 13 12 10 1 1 0 0 0
0 0 0 0 0 0 0 0 4 4 7 14 12 13 7 2 0 0 0 0
0 0 0 0 0 0 0 3 6 13 17 17 18 15 8 4 0 0 0 0
0 0 0 0 0 0 0 3 7 11 11 12 12 13 11 6 0 0 0 0
0 0 0 0 0 0 1 4 5 8 8 8 8 10 14 7 0 0 0 0
0 0 0 0 0 0 1 2 2 2 2 3 5 10 12 8 2 0 0 0
0 0 0 0 0 0 1 1 1 1 1 2 6 10 11 8 2 0 0 0
0 0 0 0 0 0 0 0 1 3 1 2 7 10 12 8 2 0 0 0
0 0 0 0 0 0 0 2 5 4 4 6 9 10 12 8 2 0 0 0
0 0 0 0 0 0 3 5 6 10 12 12 12 16 10 4 1 0 0 0
0 0 0 0 0 1 4 7 8 9 9 9 9 8 5 2 1 0 0 0
0 0 0 0 0 1 6 7 8 7 7 7 7 8 3 2 1 0 0 0
0 0 0 0 0 1 3 5 5 5 5 4 3 2 1 1 0 0 0 0
