0 0 0 0 0 0 0 0 0 0 0 0 0 0 0 0 0 0 0 0
0 0 0 0 0 0 0 0 0 0 0 0 1 0 0 0 0 0 0 0
0 0 0 0 1 1 1 0 0 0 1 2 4 2 2 0 0 0 0 0
0 0 0 1 3 2 1 0 0 1 6 8 9 7 3 0 0 0 0 0
0 0 0 2 8 8 2 1 1 5 6 8 7 10 5 0 0 0 0 0
0 0 0 3 9 9 4 3 4 5 6 3 9 13 7 0 0 0 0 0
0 0 0 3 9 10 4 5 4 5 4 5 10 13 8 1 0 0 0 0
0 0 0 3 9 10 6 7 5 2 2 6 10 13 7 1 0 0 0 0
0 0 0 3 11 14 9 7 3 1 3 6 11 11 6 1 0 0 0 0
0 0 0 5 11 18 12 9 5 4 6 9 12 11 6 2 1 1 0 0
0 0 0 6 11 15 14 14 13 14 15 16 15 13 11 6 4 2 1 0
0 0 1 4 7 10 12 12 12 12 13 14 14 14 12 9 5 3 1 0
0 1 1 2 2 4 4 4 4 4 6 9 12 12 8 3 2 0 0 0
0 1 1 1 0 2 2 2 2 2 4 7 12 11 6 1 1 1 0 0
0 0 0 0 0 0 0 0 0 0 3 7 11 10 6 1 1 1 1 0
0 0 0 0 0 0 0 0 0 0 4 8 10 10 6 1 0 0 0 0
0 0 0 0 0 0 0 0 0 1 3 8 9 10 6 0 0 0 0 0
0 0 0 0 0 0 0 0 0 1 3 7 9 10 6 0 0 0 0 0
0 0 0 0 0 0 0 0 0 1 2 5 7 8 5 0 0 0 0 0
0 0 0 0 0 0 0 0 0 1 1 3 5 5 4 0 0 0 0 0
