0 0 0 0 2 3 2 1 1 1 1 1 1 1 1 1 0 0 0 0
0 0 0 0 3 7 7 7 7 9 9 9 8 7 6 5 1 0 0 0
0 0 0 0 8 11 15 17 19 19 18 16 13 11 8 6 1 0 0 0
0 0 0 2 9 14 15 16 15 15 15 15 16 14 10 6 1 0 0 0
0 0 0 2 9 17 15 7 4 3 4 4 4 3 2 1 0 0 0 0
0 0 0 1 9 18 14 5 3 2 1 1 1 1 1 0 0 0 0 0
0 0 0 1 9 18 13 5 1 1 0 0 0 0 0 0 0 0 0 0
0 0 0 2 10 18 14 8 2 1 1 0 0 0 0 0 0 0 0 0
0 0 0 3 10 16 14 11 9 8 6 5 3 2 1 0 0 0 0 0
0 0 0 2 9 16 16 14 15 15 16 14 10 7 4 0 0 0 0 0
0 0 0 2 8 13 15 15 15 16 17 16 17 11 6 4 1 1 0 0
0 0 0 2 4 8 9 10 8 10 12 14 17 17 8 4 2 1 0 0
0 0 0 1 2 3 3 4 2 3 5 6 14 17 10 6 2 1 0 0
0 0 0 0 0 0 0 0 0 1 2 5 13 13 12 6 2 1 0 0
0 0 0 0 0 1 1 1 1 1 1 5 12 13 12 7 2 1 0 0
0 0 0 0 0 1 2 3 3 6 5 9 13 15 11 7 2 0 0 0
0 0 0 1 2 6 11 11 11 11 12 14 14 16 10 6 2 0 0 0
0 0 0 1 3 8 11 11 13 13 14 14 13 12 9 5 1 0 0 0
0 0 0 1 5 10 11 13 13 13 13 11 10 8 5 2 0 0 0 0
0 0 0 1 5 6 7 6 8 8 8 7 6 5 3 2 0 0 0 0
