0 0 0 0 0 0 0 0 1 1 2 2 0 0 0 0 0 0 0 0
0 0 0 0 0 0 0 2 2 6 7 5 1 0 0 0 0 0 0 0
0 0 0 0 0 0 3 4 8 12 12 4 0 0 0 0 0 0 0 0
0 0 0 0 0 1 3 6 12 15 12 5 0 0 0 0 0 0 0 0
0 0 0 0 0 3 5 8 14 15 5 3 0 0 0 0 0 0 0 0
0 0 0 0 1 4 6 13 16 10 4 0 0 0 0 0 0 0 0 0
0 0 0 0 1 5 9 14 14 7 3 1 1 1 1 1 0 0 0 0
0 0 0 0 2 6 12 17 14 11 6 6 3 1 1 1 1 0 0 0
0 0 0 0 2 7 17 18 14 11 11 8 6 5 0 1 1 0 0 0
0 0 0 0 4 9 17 17 12 11 10 10 12 8 4 1 1 0 0 0
0 0 0 1 5 12 17 14 7 10 8 11 13 12 6 3 2 0 0 0
0 0 0 2 6 11 17 11 9 6 5 8 13 15 10 3 2 0 0 0
0 0 0 3 8 12 17 10 3 4 1 3 11 15 11 5 2 1 0 0
0 0 0 4 8 12 14 11 4 1 1 3 9 13 12 7 2 1 0 0
0 0 0 4 10 9 14 8 4 4 4 6 8 12 11 8 2 1 0 0
0 0 0 3 9 9 12 11 9 6 6 8 12 9 10 7 2 1 0 0
0 0 0 2 7 9 9 9 8 7 7 8 8 9 8 5 1 1 0 0
0 0 0 1 5 6 5 6 7 5 5 8 9 7 6 3 1 1 0 0
0 0 0 1 4 5 7 7 7 7 7 7 9 7 4 3 1 0 0 0
0 0 0 0 0 4 5 4 6 6 8 8 6 3 3 1 1 0 0 0
