3 3 3 4 5 5 5 5 5 5 5 5 5 5 5 5 5 6 6 6
4 5 7 9 12 12 12 12 12 12 12 12 12 12 12 12 12 12 12 10
4 5 7 9 13 14 14 15 16 16 15 15 15 15 15 14 15 17 17 14
2 3 5 5 10 11 13 15 15 15 15 15 15 15 15 19 19 19 19 16
0 0 0 0 3 5 6 6 6 6 6 6 6 6 11 16 17 18 18 14
0 0 0 0 2 2 2 2 2 2 2 2 2 5 11 15 17 18 14 7
0 0 0 0 0 0 0 0 0 0 0 0 1 10 13 16 17 17 9 2
0 0 0 0 0 0 0 0 0 0 0 0 7 11 17 16 16 11 4 1
0 0 0 0 0 0 0 0 0 1 2 4 9 14 17 16 10 8 2 0
0 0 0 0 0 0 0 0 0 1 4 6 12 18 18 12 7 3 1 0
0 0 0 0 0 1 1 4 7 9 11 14 16 18 16 13 10 4 1 0
0 0 0 0 1 2 2 7 11 12 15 17 18 17 15 14 11 6 2 0
0 0 0 0 1 2 3 9 12 14 16 17 17 16 15 12 11 6 3 0
0 0 0 0 1 1 4 5 7 9 16 15 16 15 9 7 5 4 2 1
0 0 0 0 1 2 3 4 6 10 14 15 16 9 5 2 2 1 1 0
0 0 0 1 1 2 2 4 7 11 13 15 14 5 1 0 0 0 0 0
0 0 0 1 2 2 4 5 10 12 15 15 11 4 0 0 0 0 0 0
0 0 0 1 2 4 4 7 10 14 14 13 7 2 0 0 0 0 0 0
0 0 1 1 2 4 4 9 11 13 10 9 6 0 0 0 0 0 0 0
1 1 1 2 3 5 6 9 13 12 10 8 3 0 0 0 0 0 0 0
