0 0 0 0 0 1 1 6 8 12 9 9 6 2 0 0 0 0 0 0
0 0 0 0 1 1 8 14 15 16 14 13 13 7 3 0 0 0 0 0
0 0 0 1 1 5 15 18 15 14 13 14 13 13 10 3 0 0 0 0
0 0 0 1 3 9 18 15 3 3 7 8 13 12 13 8 1 0 0 0
0 0 0 2 5 13 19 8 1 0 0 4 7 11 13 9 3 1 0 0
0 0 0 2 6 13 15 6 0 0 0 2 6 11 11 9 3 1 0 0
0 0 0 2 6 15 15 7 0 0 2 3 6 11 11 8 3 1 0 0
0 0 0 1 5 16 17 9 6 6 5 5 6 13 12 8 2 1 0 0
0 0 0 0 4 11 14 14 9 8 8 7 10 14 12 7 1 0 0 0
0 0 0 0 2 6 14 15 15 13 11 13 15 14 10 5 1 0 0 0
0 0 0 0 2 7 9 15 17 15 14 17 17 16 7 5 0 0 0 0
0 0 0 0 3 6 11 16 14 9 9 9 16 15 8 5 0 0 0 0
0 0 0 0 3 9 14 15 8 4 3 2 12 16 13 6 2 0 0 0
0 0 0 1 5 10 17 12 3 0 0 1 7 15 12 7 3 0 0 0
0 0 0 1 7 13 15 10 3 0 0 0 8 13 13 7 2 0 0 0
0 0 0 1 7 13 12 7 3 3 3 3 7 13 12 7 2 0 0 0
0 0 0 1 7 13 12 10 6 6 5 6 9 16 12 7 2 0 0 0
0 0 0 0 7 9 12 14 11 10 9 9 10 14 11 4 0 0 0 0
0 0 0 0 2 7 10 10 9 10 10 10 12 12 9 2 0 0 0 0
0 0 0 0 0 4 5 7 8 8 8 8 8 7 5 0 0 0 0 0
