0 0 0 0 0 0 1 1 6 8 6 8 6 5 0 0 0 0 0 0
0 0 0 0 0 0 2 9 11 11 12 13 11 11 8 5 1 0 0 0
0 0 0 0 0 1 9 12 15 12 11 13 14 12 11 11 5 1 0 0
0 0 0 0 0 4 11 16 11 9 10 11 11 12 11 10 9 2 0 0
0 0 0 0 1 5 14 14 8 4 2 1 3 10 13 11 10 6 0 0
0 0 0 0 1 11 16 12 4 2 0 0 1 3 11 12 11 6 0 0
0 0 0 0 1 12 15 9 4 1 0 0 0 3 12 14 11 6 0 0
0 0 0 0 2 11 14 11 5 1 0 0 0 6 16 14 11 6 0 0
0 0 0 0 1 10 13 16 13 7 3 2 3 15 20 14 11 6 0 0
0 0 0 0 1 6 8 13 13 14 13 13 16 17 19 14 11 4 1 0
0 0 0 0 0 2 7 12 13 13 13 13 15 14 15 14 11 3 1 0
0 0 0 0 0 0 3 4 6 7 8 9 9 8 12 13 11 3 1 0
0 0 0 0 0 0 0 0 2 3 3 3 3 5 12 13 11 3 1 0
0 0 0 0 0 0 0 0 0 0 0 0 0 3 11 13 10 3 1 0
0 0 0 0 0 0 0 0 0 0 0 0 0 3 11 14 10 3 0 0
0 0 0 0 0 0 0 0 0 0 1 0 0 3 11 14 10 3 0 0
0 0 0 0 1 1 2 0 0 0 1 1 0 4 11 14 10 3 0 0
0 0 0 1 1 2 2 3 3 3 3 4 4 8 11 13 10 3 0 0
0 0 0 1 1 1 3 4 4 4 4 4 4 7 10 7 7 2 0 0
0 0 0 0 0 0 0 2 3 3 3 3 3 4 6 6 5 1 0 0
